30 43 45 44
02 00 00 00
03 00 00 00
03 00 00 00
03 00 00 00
84 00 00 00
02 00 00 00
84 00 00 00
01 00 00 00
84 00 00 00
00 00 00 00
82 00 00 00
01 00 00 00
82 00 00 00
01 00 00 00
07 00 00 00
42 00 00 00
04 00 00 00
82 00 00 00
00 00 00 00
82 00 00 00
02 00 00 00
07 00 00 00
07 00 00 00
05 00 00 00
84 00 00 00
03 00 00 00
42 00 00 00
00 00 00 00
82 00 00 00
03 00 00 00
50 00 00 00
B8 00 00 00
42 00 00 00
00 00 00 00
82 00 00 00
03 00 00 00
53 00 00 00
CC 00 00 00
42 00 00 00
00 00 00 00
82 00 00 00
03 00 00 00
4E 00 00 00
20 01 00 00
00 00 00 00
42 00 00 00
00 00 00 00
01 00 00 00
4D 00 00 00
B4 00 00 00
42 00 00 00
01 00 00 00
01 00 00 00
42 00 00 00
FF FF FF FF
82 00 00 00
01 00 00 00
07 00 00 00
82 00 00 00
03 00 00 00
09 00 00 00
06 00 00 00
42 00 00 00
02 00 00 00
82 00 00 00
00 00 00 00
07 00 00 00
08 00 00 00
01 00 00 00
4D 00 00 00
B4 00 00 00
42 00 00 00
02 00 00 00
01 00 00 00
42 00 00 00
FF FF FF FF
82 00 00 00
01 00 00 00
07 00 00 00
82 00 00 00
03 00 00 00
09 00 00 00
06 00 00 00
42 00 00 00
02 00 00 00
82 00 00 00
00 00 00 00
07 00 00 00
08 00 00 00
01 00 00 00
42 00 00 00
FF FF FF FF
82 00 00 00
01 00 00 00
07 00 00 00
82 00 00 00
03 00 00 00
09 00 00 00
05 00 00 00
42 00 00 00
02 00 00 00
82 00 00 00
00 00 00 00
07 00 00 00
08 00 00 00
01 00 00 00
4D 00 00 00
B4 00 00 00
